(orbus-mdt)
  table mdot units=lb/sec
  start
    add mdt(tmark)

      tmark = -999.00 0.00 0.00 0.02 0.04 0.06,
              0.08 0.10 0.12 0.14 0.16 0.18,
              0.20 0.22 0.24 0.26 0.28 0.30,
              0.32 0.34 0.36 0.38 0.40 0.42,
              0.44 0.46 0.48 0.50 0.52 0.54,
              0.56 0.58 0.60 0.70 0.80 0.90,
              1.00 1.10 1.20 1.30 1.40 1.50,
              1.60 1.70 1.80 1.82 1.84 1.86,
              1.88 1.90 1.92 1.94 1.96 1.98,
              2.00 2.02 2.04 2.06 2.08 2.10,
              2.12 2.14 2.16 2.18 2.20 2.22,
              2.24 2.26 2.28 2.30 2.32 2.34,
              2.36 2.38 2.40 2.60 2.80 3.00,
              3.20 3.40 3.60 3.80 4.00 4.20,
              4.40 4.60 4.80 5.00 5.20 5.40,
              5.60 5.80 6.00 6.20 6.40 6.60,
              6.80 7.00 7.20 7.40 7.60 7.80,
              8.00 8.20 8.40 8.60 8.80 9.00,
              9.20 9.40 9.60 9.80 10.00 10.20,
              10.40 10.60 10.80 11.00 11.20 11.40,
              11.60 11.80 12.00 12.20 12.40 12.60,
              12.80 13.00 13.20 13.40 13.60 13.80,
              14.00 14.20 14.40 14.60 14.80 15.00,
              15.20 15.40 15.60 15.80 16.00 16.20,
              16.40 16.60 16.80 17.00 17.20 17.40,
              17.60 17.80 18.00 18.20 18.40 18.60,
              18.80 19.00 19.20 19.40 19.60 19.80,
              20.00 20.20 20.40 20.60 20.80 21.00,
              21.20 21.40 21.60 21.80 22.00 22.20,
              22.40 22.60 22.80 23.00 23.20 23.40,
              23.60 23.80 24.00 24.20 24.40 24.60,
              24.80 25.00 25.20 25.40 25.60 25.80,
              26.00 26.20 26.40 26.60 26.80 27.00,
              27.20 27.40 27.60 27.80 28.00 28.20,
              28.40 28.60 28.80 29.00 29.20 29.40,
              29.60 29.80 30.00 30.20 30.40 30.60,
              30.80 31.00 31.20 31.40 31.60 31.80,
              32.00 32.20 32.40 32.60 32.80 33.00,
              33.20 33.40 33.60 33.80 34.00 34.20,
              34.40 34.60 34.80 35.00 35.20 35.40,
              35.60 35.80 36.00 36.20 36.40 36.60,
              36.80 37.00 37.20 37.40 37.60 37.80,
              38.00 38.20 38.40 38.60 38.80 39.00,
              39.20 39.40 39.50 39.60 39.70 39.80,
              39.90 40.00 40.10 40.20 40.30 40.40,
              40.50 40.60 40.70 40.80 40.90 41.00,
              41.10 41.20 41.30 41.38 999.00

      mdt =   0.00 0.00 0.50 11.12 16.38 17.35,
              18.10 18.85 19.60 19.58 19.54 19.50,
              19.46 19.42 19.38 19.33 19.29 19.24,
              19.20 19.18 19.16 19.14 19.12 19.10,
              19.09 19.07 19.09 19.12 19.15 19.17,
              19.20 19.24 19.27 19.45 19.62 19.79,
              19.96 20.13 20.30 20.48 20.65 20.83,
              21.00 21.18 21.35 21.39 21.42 21.46,
              21.43 21.40 21.37 21.34 21.31 21.29,
              21.26 21.23 21.20 21.17 21.14 21.12,
              21.09 21.06 21.03 21.00 20.98 20.95,
              20.92 20.89 20.86 20.83 20.81 20.78,
              20.75 20.75 20.74 20.72 20.70 20.69,
              20.68 20.67 20.65 20.63 20.61 20.60,
              20.58 20.55 20.53 20.50 20.47 20.43,
              20.40 20.36 20.32 20.28 20.24 20.20,
              20.16 20.10 20.04 19.97 19.90 19.83,
              19.77 19.70 19.64 19.56 19.48 19.37,
              19.24 19.12 19.05 19.14 19.27 19.40,
              19.54 19.68 19.83 19.97 20.12 20.27,
              20.41 20.56 20.71 20.86 21.01 21.16,
              21.30 21.44 21.58 21.73 21.88 22.01,
              22.14 22.27 22.40 22.53 22.66 22.79,
              22.92 23.05 23.18 23.31 23.43 23.55,
              23.67 23.79 23.91 24.03 24.14 24.25,
              24.35 24.44 24.54 24.63 24.74 24.84,
              24.94 25.05 25.15 25.24 25.34 25.43,
              25.51 25.59 25.66 25.73 25.79 25.85,
              25.89 25.94 25.99 26.03 26.08 26.13,
              26.18 26.23 26.27 26.32 26.36 26.40,
              26.44 26.48 26.52 26.56 26.60 26.63,
              26.66 26.68 26.70 26.71 26.72 26.74,
              26.76 26.77 26.79 26.80 26.81 26.82,
              26.83 26.85 26.86 26.88 26.90 26.92,
              26.94 26.95 26.96 26.96 26.96 26.95,
              26.90 26.74 26.58 26.49 26.42 26.35,
              26.28 26.22 26.14 26.05 25.93 25.73,
              25.53 25.32 25.10 24.87 24.65 24.42,
              24.20 23.99 23.77 23.57 23.36 23.15,
              22.94 22.73 22.54 22.34 22.13 21.92,
              21.71 21.50 21.29 21.08 20.87 20.65,
              20.43 20.21 19.99 19.77 19.55 19.31,
              19.07 18.86 18.67 18.46 18.25 18.03,
              17.82 17.62 17.52 17.41 17.29 17.18,
              17.07 15.10 11.23 7.30 5.30 3.99,
              3.11 2.57 2.08 1.76 1.44 1.15,
              0.86 0.54 0.25 0.00 0.00

    csto mdmotor

    # ACS roll control gas loss

    add macsr(tmark)
      tmark = -999.9 -0.000001 0.0 41.5 41.500001 999.9
      macsr = 0.0 0.0 1.0 1.0 0.0 0.0

    div 41.5
    div 32.174
    add mdmotor
  end
