(rv-ca)

# Aerodynamic axial force coefficient

table ca sref = 2.50

  start

    add ca(alt,mach,alphat)

    alt =       0.0    mach = 14.00
    alphat =  0.000,  1.000,  2.000,  3.000,  4.000,  5.000,
              6.000,  8.000, 10.000, 12.000, 14.000, 15.000,
             16.000, 18.000, 20.000, 24.000,
    ca = 0.04556, 0.04673, 0.04990, 0.05401, 0.05877, 0.06408,
         0.06987, 0.08267, 0.09685, 0.11260, 0.13030, 0.13991,
         0.15006, 0.17202, 0.19634, 0.25216,

    alt =       0.0    mach = 16.00
    alphat =  0.000,  1.000,  2.000,  3.000,  4.000,  5.000,
              6.000,  8.000, 10.000, 12.000, 14.000, 15.000,
             16.000, 18.000, 20.000, 24.000,
    ca = 0.04263, 0.04381, 0.04720, 0.05167, 0.05684, 0.06255,
         0.06864, 0.08179, 0.09642, 0.11307, 0.13210, 0.14253,
         0.15358, 0.17765, 0.20473, 0.26911,

    alt =       0.0    mach = 18.00
    alphat =  0.000,  1.000,  2.000,  3.000,  4.000,  5.000,
              6.000,  8.000, 10.000, 12.000, 14.000, 15.000,
             16.000, 18.000, 20.000, 24.000,
    ca = 0.04051, 0.04169, 0.04508, 0.04955, 0.05472, 0.06043,
         0.06652, 0.07967, 0.09430, 0.11095, 0.12998, 0.14041,
         0.15146, 0.17553, 0.20261, 0.26699,

    alt =   20000.0    mach = 14.00
    alphat =  0.000,  1.000,  2.000,  3.000,  4.000,  5.000,
              6.000,  8.000, 10.000, 12.000, 14.000, 15.000,
             16.000, 18.000, 20.000, 24.000,
    ca = 0.04620, 0.04738, 0.05054, 0.05465, 0.05942, 0.06473,
         0.07052, 0.08332, 0.09750, 0.11325, 0.13094, 0.14056,
         0.15071, 0.17266, 0.19699, 0.25280,

    alt =   20000.0    mach = 16.00
    alphat =  0.000,  1.000,  2.000,  3.000,  4.000,  5.000,
              6.000,  8.000, 10.000, 12.000, 14.000, 15.000,
             16.000, 18.000, 20.000, 24.000,
    ca = 0.04330, 0.04448, 0.04787, 0.05234, 0.05751, 0.06322,
         0.06931, 0.08247, 0.09710, 0.11374, 0.13278, 0.14320,
         0.15425, 0.17832, 0.20540, 0.26978,

    alt =   20000.0    mach = 18.00
    alphat =  0.000,  1.000,  2.000,  3.000,  4.000,  5.000,
              6.000,  8.000, 10.000, 12.000, 14.000, 15.000,
             16.000, 18.000, 20.000, 24.000,
    ca = 0.04121, 0.04239, 0.04578, 0.05025, 0.05542, 0.06112,
         0.06722, 0.08037, 0.09500, 0.11165, 0.13068, 0.14111,
         0.15216, 0.17623, 0.20331, 0.26769,

    .
    .
    . etc.
    .
    .

    alt = 250000.0    mach = 18.00
    alphat =  0.000,  1.000,  2.000,  3.000,  4.000,  5.000,
              6.000,  8.000, 10.000, 12.000, 14.000, 15.000,
             16.000, 18.000, 20.000, 24.000,
    ca = 0.50320, 0.50438, 0.50777, 0.51224, 0.51741, 0.52311,
         0.52921, 0.54236, 0.55699, 0.57364, 0.59267, 0.60310,
         0.61415, 0.63822, 0.66530, 0.72968,

  end
